4294967278,307
4294967278,305
4294967278,285
4294967279,473
4294967278,413
11,5
11,134
4294967279,425
4294967278,381
4294967278,301
4294967278,349
20,2
4294967278,296
4294967278,412
4294967279,192
13,0
4294967278,384
35,2
4294967279,88
4294967278,411
57,4
4294967279,472
4294967279,179
4294967279,178
35,4
4294967294,1430
4294967294,475
4294967279,173
4294967278,410
4294967279,172
4294967278,170
4294967279,171
4294967278,169
4294967278,409
2,7
2,6
4294967279,395
4294967279,438
4294967279,393
4294967278,320
4294967279,389
4294967278,408
4294967279,471
4294967279,446
4294967294,127
4294967294,18
4294967278,407
19,6
19,5
4294967278,262
4294967279,275
20,4
4294967279,174
3,2
49,2
49,6
49,5
49,4
4294967278,385
44,2
4294967279,247
4294967278,245
4294967279,470
36,5
4294967294,1020
4294967294,1434
44,6
44,5
44,4
4294967294,476
33,4
4294967279,221
4294967279,428
4294967278,374
7,2
27,4
4294967294,474
4294967279,427
4294967278,355
44,7
4294967279,423
4294967279,469
4294967278,406
4294967279,442
4294967279,468
4294967278,300
4294967279,421
4294967278,350
4294967279,420
4294967279,441
4294967279,447
4294967278,405
4294967279,467
4294967279,466
4294967278,186
4294967278,183
4294967279,465
4294967278,404
4294967278,403
4294967279,464
4294967278,168
4294967279,400
4294967279,292
4294967279,397
40,6
37,4
41,4
40,7
40,5
4294967279,146
4294967278,317
4294967279,279
4294967278,276
4294967278,133
13,11
13,1
13,10
13,2
4294967279,262
4294967279,433
4294967278,380
4294967279,445
4294967278,362
4294967279,311
4294967278,376
4294967279,444
4294967278,361
4294967279,450
4294967278,253
4294967279,443
4294967279,238
4294967278,237
4294967279,216
4294967278,214
4294967278,382
4294967278,348
4294967279,300
12,2
13,8
13,7
4294967279,189
4294967278,187
5,5
4294967279,186
9,8
9,5
13,5
7,5
15,11
4294967279,449
4294967279,448
4294967279,463
4294967279,462
4294967279,439
4294967279,170
4294967278,402
4294967278,332
4294967279,461
4294967278,379
22,4
11,136
11,131
11,135
15,7
11,133
11,132
11,130
11,129
4294967278,401
4294967278,157
4294967279,158
4294967278,156
4294967279,156
4294967278,155
4294967279,437
4294967278,323
4294967279,391
4294967278,321
4294967294,1448
4294967279,291
4294967278,319
4294967279,388
4294967278,144
4294967279,144
86,5
4294967279,143
86,4
86,3
86,2
86,1
4294967278,316
4294967279,142
4294967294,1432
4294967278,315
4294967279,384
4294967294,1447
4294967294,1433
4294967278,275
4294967279,134
4294967278,274
4294967278,272
4294967279,282
4294967278,271
4294967278,270
4294967278,311
4294967279,436
4294967279,288
4294967278,287
4294967279,315
4294967278,377
4294967278,400
4294967279,265
4294967294,182
4294967294,163
4294967294,161
4294967294,1446
4294967279,435
4294967278,261
4294967278,310
4294967278,259
4294967279,434
4294967278,363
4294967278,308
84,5
84,4
4294967278,383
84,3
84,2
84,1
4294967279,432
4294967278,304
4294967279,256
4294967279,310
4294967278,375
4294967294,1431
4294967294,1445
4294967279,255
4294967279,309
4294967278,254
4294967294,392
4294967294,439
4294967294,389
4294967278,243
4294967278,399
4294967279,429
4294967278,358
4294967279,239
4294967278,277
4294967294,1444
4294967279,234
4294967278,232
4294967279,232
4294967279,231
4294967278,224
82,5
4294967279,224
82,4
82,3
82,2
82,1
4294967278,221
4294967278,398
4294967294,387
4294967278,215
4294967278,357
4294967294,1443
4294967279,305
4294967278,356
4294967278,354
4294967278,351
4294967279,303
4294967279,302
4294967294,184
4294967294,384
4294967294,185
4,6
4294967294,1428
4294967294,1429
12,5
9,4
9,6
4294967279,417
4294967279,416
4294967294,989
11,1
11,139
4,5
15,4
15,13
15,12
15,6
15,5
4294967279,191
4294967279,190
13,4
12,4
13,9
13,6
11,128
11,125
11,124
11,123
11,122
11,121
11,120
11,119
11,118
11,117
11,116
11,115
11,114
11,113
11,112
11,111
11,110
11,109
11,108
11,107
11,106
11,105
11,103
11,104
11,102
11,101
11,100
11,99
11,98
11,97
11,96
11,95
11,94
11,93
11,92
11,91
11,90
11,89
11,88
11,87
11,86
4294967278,306
4294967278,303
4294967278,302
4294967278,360
4294967278,359
4294967278,352
4294967278,347
4294967278,345
4294967278,295
4294967278,294
4294967278,344
4294967278,343
4294967278,342
4294967278,373
4294967278,341
4294967278,340
4294967278,339
4294967278,338
4294967278,337
4294967278,372
4294967278,336
4294967278,292
4294967278,335
4294967278,291
4294967278,334
4294967278,333
4294967278,371
4294967278,370
4294967278,331
4294967278,329
4294967278,328
4294967278,346
4294967278,368
4294967278,327
4294967278,326
4294967278,325
4294967278,324
4294967278,322
4294967278,318
4294967278,367
4294967278,314
4294967278,313
4294967278,312
4294967278,366
4294967278,309
4294967278,365
4294967278,364
4294967279,308
4294967279,430
4294967279,306
4294967279,426
4294967279,301
4294967279,419
4294967279,418
4294967279,415
4294967279,414
4294967279,299
4294967279,413
4294967279,411
4294967279,409
4294967279,408
4294967279,407
4294967279,406
4294967279,298
4294967279,296
4294967279,405
4294967279,404
4294967279,295
4294967279,294
4294967279,403
4294967279,402
4294967279,410
4294967279,401
4294967279,399
4294967279,398
4294967279,396
4294967279,394
4294967279,392
4294967279,34
4294967279,33
4294967279,387
4294967279,386
4294967279,29
4294967279,27
4294967279,25
4294967279,318
4294967279,412
11,84
11,83
11,85
11,80
11,79
11,78
11,77
11,76
11,75
11,74
11,73
11,72
11,71
11,70
11,69
11,68
11,67
11,66
11,65
11,64
11,38
11,37
11,36
11,35
11,34
11,33
11,32
11,30
11,31
11,29
11,28
11,27
11,26
11,25
11,24
11,23
11,22
11,21
11,20
11,19
11,18
11,17
11,16
11,15
11,14
11,13
11,8
11,7
11,12
12,6
11,2
4294967278,397
11,11
4294967278,184
4294967279,460
4294967278,396
4294967279,182
4294967279,181
4294967279,180
4294967278,178
4294967279,297
4294967278,293
4294967279,177
4294967278,172
80,5
4294967279,176
80,4
4294967278,173
80,3
80,2
80,1
4294967278,395
4294967279,175
4294967278,394
4294967279,459
4294967278,393
4294967279,458
4294967279,169
4294967278,167
